50
0 1 2 3 4 5 6 7 8 9 10 11 12 13 14 15 16 17 18 19 20 21 22 23 24 25 26 27 28 29 30 31 32 33 34 35 36 37 38 39 40 41 42 43 44 45 46 47 48 49 
738
32 4 19
24 37 44
9 4 19
27 24 20
21 14 3
26 29 31
33 7 16
31 23 43
27 47 7
15 39 27
46 39 37
7 43 34
22 21 50
35 11 34
29 39 11
48 46 19
47 7 33
48 25 39
15 30 37
24 19 20
34 17 5
34 13 31
13 37 5
28 16 33
7 27 39
0 36 48
30 31 36
14 30 1
36 26 2
47 8 24
24 48 43
29 45 50
28 8 33
1 10 44
47 6 6
5 39 5
8 26 1
39 35 48
16 35 14
7 17 5
15 23 2
31 9 19
37 3 46
8 15 37
3 45 28
1 19 11
13 17 34
12 38 37
16 13 40
42 33 22
19 2 50
49 31 25
6 10 10
10 41 27
28 2 20
4 42 39
18 47 46
7 10 40
40 48 43
48 22 2
26 31 27
30 33 22
8 27 36
30 27 8
5 40 40
0 1 11
15 41 46
16 15 5
44 17 34
39 42 21
3 18 28
14 27 38
14 20 36
20 12 9
38 40 11
37 25 27
24 9 7
25 41 20
25 19 16
24 5 24
26 30 40
24 36 45
23 44 34
5 23 22
10 43 2
49 7 37
13 11 6
34 9 36
41 42 28
19 9 18
12 8 11
8 45 1
6 28 36
38 19 27
24 30 11
48 45 35
23 1 41
35 34 47
7 26 5
40 49 45
5 11 22
17 31 12
29 44 37
4 0 37
42 7 20
14 46 2
14 33 20
31 28 5
21 49 28
44 45 25
23 25 32
32 48 43
47 31 22
19 10 29
30 39 13
7 45 40
33 28 10
0 16 5
29 47 40
21 10 39
26 2 28
32 25 31
25 3 23
10 36 21
48 0 19
1 35 17
18 14 42
2 16 33
47 46 26
7 20 14
24 16 21
10 38 7
46 30 21
29 23 9
48 21 29
29 37 39
17 11 22
10 11 39
41 44 38
16 17 9
24 42 18
28 37 10
40 31 4
41 24 41
41 29 26
26 11 46
49 36 9
24 38 46
47 43 10
1 27 46
38 13 31
18 25 8
25 22 48
21 9 42
7 32 5
37 5 17
25 10 15
11 38 36
16 33 38
14 5 38
26 48 47
8 39 4
49 32 10
11 48 9
25 12 29
41 43 34
33 9 26
41 21 2
5 33 35
48 15 5
15 14 37
45 32 18
23 27 19
14 35 25
41 8 44
42 13 45
18 11 13
29 25 40
21 19 22
44 6 36
41 49 49
26 39 29
32 37 20
6 5 26
21 27 29
15 13 21
49 47 21
4 47 22
8 18 2
30 7 8
30 23 39
22 42 47
8 36 18
7 19 37
10 23 33
22 10 30
46 36 12
22 23 43
2 38 11
35 47 13
13 29 3
49 11 8
21 26 29
10 34 14
32 47 50
0 20 24
29 4 21
35 32 25
45 19 23
22 6 9
24 26 12
47 5 41
35 36 32
28 38 3
29 11 24
33 11 31
9 44 13
33 25 32
14 13 4
45 30 33
36 19 18
21 40 39
9 40 17
48 38 41
35 33 26
20 34 39
32 26 26
0 9 6
11 43 28
39 16 27
18 38 47
10 44 37
23 0 35
1 21 48
25 7 32
36 48 40
18 34 2
12 19 29
12 37 18
38 7 37
39 33 15
46 49 29
28 15 43
46 17 36
37 18 28
14 48 25
47 38 18
23 40 19
41 19 22
43 48 12
28 18 13
19 13 17
38 17 46
38 30 23
46 32 23
18 35 44
12 24 50
18 13 46
13 31 11
8 2 37
23 46 40
6 21 16
31 34 45
19 37 40
48 33 29
44 11 1
13 27 23
46 10 47
28 20 40
48 47 47
49 12 21
9 20 22
13 40 8
48 5 8
6 24 41
39 10 27
14 26 32
41 0 18
49 20 3
14 43 43
47 25 37
4 15 41
27 25 23
22 11 4
17 42 24
10 37 48
28 14 35
0 6 37
11 19 15
4 45 12
32 9 17
22 47 21
48 20 2
37 44 16
7 36 47
47 24 6
13 5 14
28 4 50
40 6 14
22 35 40
10 17 23
26 27 31
32 28 19
41 46 12
15 25 47
30 48 42
22 14 28
4 27 24
41 13 25
42 3 5
46 0 21
39 27 8
3 34 48
4 6 33
25 49 30
38 26 39
39 28 31
11 34 20
1 5 32
5 31 3
42 46 10
42 23 10
43 13 43
35 46 38
3 35 30
15 33 22
36 14 29
21 12 29
8 35 28
22 17 17
14 34 1
27 31 29
19 5 3
21 28 48
47 39 31
21 32 11
48 44 16
43 30 39
49 33 10
46 45 17
5 35 26
3 31 50
4 18 37
43 45 47
42 11 1
45 27 48
19 3 24
41 17 37
18 2 13
34 45 13
2 45 28
49 15 45
33 3 50
44 38 23
46 18 3
40 1 44
12 2 39
30 1 29
5 45 19
18 21 3
37 23 28
21 7 19
35 24 27
12 13 47
33 41 38
32 5 30
27 34 17
5 7 15
31 10 39
25 8 20
2 33 46
33 24 9
38 1 30
42 49 30
27 9 1
47 40 11
35 28 40
14 1 23
20 38 3
22 32 25
21 23 15
17 1 41
14 32 29
28 41 9
6 17 4
10 28 20
6 18 2
6 1 33
48 7 34
49 38 8
15 35 30
32 16 11
2 37 10
19 20 48
17 29 46
19 47 33
31 11 21
34 25 46
30 13 49
29 5 22
1 3 6
0 28 49
47 15 34
11 41 34
20 1 32
35 7 19
24 0 7
16 6 12
5 28 43
22 8 34
2 17 15
43 44 14
23 36 9
14 24 9
47 21 23
29 43 4
44 20 45
5 41 28
24 10 16
17 3 48
12 39 10
41 40 37
46 3 10
45 41 16
4 19 37
6 12 33
15 17 16
37 33 44
39 32 39
4 44 8
23 12 27
1 26 34
27 17 37
49 37 45
23 18 1
18 5 4
41 39 38
8 6 17
42 38 15
44 25 16
2 15 36
0 33 12
46 5 25
42 47 8
7 39 1
25 39 50
33 31 39
31 7 16
27 12 9
14 37 44
31 0 35
19 42 45
48 16 18
25 9 21
48 1 48
9 14 33
28 46 28
32 42 33
8 19 33
42 27 14
44 2 5
44 22 12
16 3 8
41 12 44
47 11 1
2 35 14
42 5 19
49 3 34
40 29 14
22 37 35
36 6 15
36 33 24
14 6 27
41 32 47
43 4 38
42 10 37
11 23 20
16 31 50
49 16 3
26 18 36
43 23 47
45 16 6
20 21 32
21 42 28
36 38 4
20 29 8
49 17 49
2 9 16
2 6 31
15 42 18
3 5 20
33 21 34
46 44 13
22 9 35
17 19 12
10 5 8
22 13 3
2 24 30
38 5 25
44 12 23
15 22 9
24 4 49
30 44 23
10 14 19
6 31 32
0 7 45
45 9 14
11 28 49
10 18 35
14 47 37
34 16 27
29 33 28
21 45 45
45 10 24
28 47 22
42 18 40
45 12 7
29 1 18
41 20 22
31 25 36
37 36 24
26 5 45
1 42 19
43 38 37
27 29 2
12 3 17
2 4 2
44 32 16
16 41 19
9 48 17
3 39 18
23 6 49
2 20 36
1 24 37
7 14 1
20 3 33
34 46 5
20 17 13
44 31 30
39 19 46
25 11 13
39 1 33
0 49 12
43 22 37
49 10 1
10 48 33
49 23 18
6 37 38
9 35 22
49 13 26
30 28 48
46 26 28
38 41 7
24 23 37
40 0 11
33 32 14
43 5 8
32 19 2
37 11 35
12 0 24
9 37 35
0 45 15
36 47 41
21 3 23
44 15 33
3 4 50
20 36 7
27 37 40
21 8 20
43 19 23
38 46 40
4 38 46
17 5 46
9 10 48
16 12 28
45 36 31
11 8 24
40 4 44
11 0 12
47 12 36
36 29 46
0 35 16
25 16 44
3 29 36
30 21 46
29 31 40
1 16 34
34 1 12
7 37 2
33 13 30
42 29 17
31 38 46
26 9 40
40 8 19
27 44 43
7 18 4
24 40 37
37 26 19
13 45 47
29 21 1
16 14 43
15 38 14
22 20 18
20 10 32
39 17 49
49 43 2
14 0 21
43 6 38
31 36 38
45 49 47
44 26 2
31 22 3
33 44 47
1 37 27
22 34 8
21 17 3
16 19 35
18 22 42
23 8 20
1 11 27
37 38 39
0 26 26
22 38 2
48 27 50
26 6 33
30 10 39
34 42 36
24 34 10
34 26 11
38 32 42
6 15 3
19 26 26
45 39 1
3 10 33
18 16 48
8 17 26
45 17 4
18 9 30
15 32 9
46 12 24
44 42 24
37 15 22
33 38 28
35 41 15
34 8 40
3 15 39
23 17 49
24 46 25
43 28 27
17 4 46
36 25 18
26 22 8
3 41 49
35 48 25
1 9 47
25 5 43
25 1 9
11 40 1
28 23 22
20 13 22
9 13 12
40 3 24
42 48 44
2 47 50
5 34 22
1 4 16
3 11 14
11 14 33
4 46 22
41 34 2
19 44 44
30 16 13
32 12 37
39 21 17
19 31 49
3 26 10
33 45 18
1 2 38
2 0 8
37 46 17
47 34 41
30 4 22
22 24 22
34 49 44
39 36 38
47 13 30
23 47 15
16 11 40
40 42 40
23 9 19
22 2 22
37 47 26
23 14 33
19 34 2
16 5 1
34 38 20
25 21 9
12 14 48
28 45 35
10 32 14
11 12 26
17 32 31
41 7 5
18 32 39
36 43 33
22 1 22
24 49 42
35 29 10
26 40 25
5 15 35
14 8 22
49 27 5
12 31 17
6 27 7
37 30 33
11 4 33
31 43 36
29 49 25
2 27 46
17 30 19
30 2 38
28 17 2
8 42 6
27 35 4
28 36 21
2 48 25
39 9 41
49 39 11
23 3 3
8 9 44
2 13 17
31 39 13
25 42 1
7 8 42
40 12 7
6 39 13
17 37 33
12 7 27
