100
0 1 2 3 4 5 6 7 8 9 10 11 12 13 14 15 16 17 18 19 20 21 22 23 24 25 26 27 28 29 30 31 32 33 34 35 36 37 38 39 40 41 42 43 44 45 46 47 48 49 50 51 52 53 54 55 56 57 58 59 60 61 62 63 64 65 66 67 68 69 70 71 72 73 74 75 76 77 78 79 80 81 82 83 84 85 86 87 88 89 90 91 92 93 94 95 96 97 98 99 
3196
32 11 71
93 55 34
60 72 88
78 21 46
1 31 35
46 41 92
42 48 41
76 27 35
36 81 10
83 63 68
67 58 54
38 76 97
82 14 9
94 80 56
31 89 34
18 33 93
47 54 23
46 35 74
28 55 32
22 42 16
36 79 80
44 11 35
40 66 56
26 71 26
91 11 2
35 48 38
8 69 92
33 48 28
20 80 71
13 89 27
47 88 73
67 60 93
71 27 3
12 75 88
48 93 67
5 46 95
44 32 17
67 51 10
71 63 72
25 60 93
19 85 4
94 89 71
53 35 32
17 89 2
92 38 12
32 80 31
6 38 61
35 17 25
77 99 65
55 81 57
4 51 32
63 10 87
54 14 8
58 30 40
70 10 97
77 87 80
68 88 66
50 55 49
53 95 99
56 45 23
62 98 92
29 79 84
9 13 48
34 59 85
93 32 98
30 12 29
41 51 79
36 59 24
21 8 64
87 12 86
11 71 78
65 42 77
14 72 21
36 5 71
91 36 9
68 49 71
85 11 100
34 91 26
77 90 26
69 55 85
18 77 1
51 89 35
52 58 63
38 99 13
29 18 45
41 27 62
48 28 67
97 68 66
92 25 64
40 51 40
92 59 28
82 2 2
73 47 34
72 55 8
50 56 8
88 41 29
16 83 91
91 4 28
25 13 9
59 62 38
8 80 7
70 2 46
6 29 42
53 24 98
85 40 59
5 61 34
50 17 20
12 95 50
66 71 62
10 95 15
11 99 37
5 38 50
56 10 78
18 83 27
7 66 85
47 62 83
78 58 29
24 50 97
92 91 60
70 54 19
67 55 76
55 11 98
15 78 64
74 47 65
19 93 27
65 47 20
69 88 45
6 85 52
26 89 46
63 14 70
96 60 90
59 9 16
32 84 53
90 44 38
22 11 1
3 46 88
75 93 17
94 11 40
2 83 41
77 6 96
22 64 73
26 25 28
84 63 81
90 86 70
94 8 73
6 18 90
79 61 14
58 14 35
24 87 100
77 12 22
27 99 52
78 77 1
15 82 83
66 89 5
99 40 39
51 38 35
32 29 43
76 4 38
30 42 72
84 59 37
39 47 18
49 59 91
51 24 46
20 66 89
19 61 70
0 76 21
26 48 46
24 28 30
14 95 62
56 75 64
57 64 74
15 16 17
31 44 6
6 23 32
19 90 54
93 99 7
56 61 40
49 84 24
25 79 66
0 93 77
87 70 18
92 90 18
55 1 73
45 40 14
47 42 77
2 23 22
77 65 74
51 3 95
55 71 19
46 96 4
92 62 62
45 27 67
59 48 35
68 37 63
94 27 41
87 98 47
53 67 48
25 87 82
7 94 64
66 78 60
44 28 4
87 66 6
33 62 46
26 45 36
77 67 34
97 25 15
5 79 13
8 61 20
79 98 57
52 17 72
68 92 5
74 57 59
76 95 87
77 33 16
1 92 9
12 62 7
9 21 93
81 52 46
99 63 94
97 17 27
30 69 71
21 7 97
53 38 96
31 62 38
32 77 41
44 21 91
16 60 98
60 40 69
58 25 84
34 75 55
78 86 69
87 27 21
1 79 43
76 9 49
37 83 73
87 14 13
95 73 62
13 72 83
54 35 33
55 8 15
91 71 58
14 21 2
48 22 73
96 27 6
42 26 13
67 65 2
50 32 21
51 83 73
43 1 86
6 42 91
54 42 50
20 72 86
48 40 6
62 70 55
10 60 44
24 62 38
7 79 51
37 11 74
90 16 43
25 38 57
44 0 51
58 69 19
71 86 58
60 47 85
51 11 56
38 80 29
47 0 39
45 57 32
49 17 83
1 56 17
57 84 63
5 25 94
42 83 55
3 41 22
27 55 37
65 14 11
66 92 67
50 67 13
97 57 29
53 30 77
33 16 35
30 65 94
83 40 22
84 40 69
63 79 63
36 4 39
22 89 25
35 89 40
32 91 92
87 84 80
32 81 25
46 84 7
38 18 73
90 83 12
95 61 42
90 58 41
86 48 41
33 19 80
19 66 23
9 51 56
19 56 17
41 47 9
33 22 76
49 51 83
49 13 43
49 93 67
41 1 52
54 67 11
50 89 4
69 50 96
77 71 25
22 81 97
57 62 97
15 52 92
56 60 5
35 45 89
41 73 78
59 2 30
32 71 80
24 88 60
7 83 27
27 13 68
94 79 32
67 68 68
11 10 16
89 69 24
70 11 33
54 5 27
4 71 90
87 89 82
59 85 59
0 10 16
96 75 99
84 16 10
16 32 67
10 40 58
76 16 3
34 14 96
96 43 32
80 46 40
94 75 61
12 40 92
98 63 99
16 3 68
34 13 70
4 92 51
67 82 84
44 2 57
64 17 53
80 13 36
78 29 93
17 72 25
78 38 53
79 42 32
36 88 91
68 76 62
73 62 100
40 17 61
85 86 48
59 37 12
17 47 36
60 83 39
53 12 30
79 6 81
24 35 84
5 52 45
23 59 94
79 48 33
83 46 81
67 71 51
34 63 26
25 12 78
91 20 30
80 25 24
34 23 87
86 84 17
93 18 56
78 55 72
28 97 61
28 52 98
18 52 26
83 52 99
1 6 44
68 98 68
9 50 53
47 68 55
47 10 14
30 38 35
72 79 22
1 50 80
85 88 53
54 82 37
13 0 46
85 87 31
83 25 23
29 52 87
78 75 17
91 14 62
39 11 65
84 55 68
91 81 24
61 55 55
34 62 100
42 17 47
73 21 65
40 6 27
34 35 80
18 20 16
67 16 29
81 6 16
79 86 64
80 51 50
41 94 21
95 63 29
93 46 82
49 75 87
3 47 40
91 9 56
90 62 3
9 31 9
78 54 60
16 78 6
52 8 59
10 52 100
39 16 99
60 62 42
42 87 31
74 54 14
19 11 71
42 1 54
24 64 9
46 8 35
97 37 3
29 17 12
64 79 55
71 85 14
1 26 67
37 54 10
92 6 53
27 63 53
60 89 50
79 17 36
24 44 48
71 1 52
53 96 65
57 83 37
37 19 36
35 2 59
2 46 25
53 14 8
98 57 92
99 9 68
45 70 51
92 49 79
88 37 68
39 97 64
15 88 56
11 0 5
99 45 69
16 82 96
13 29 4
59 41 51
54 75 45
63 16 96
66 43 29
18 51 76
56 58 63
73 7 31
8 79 44
25 35 12
16 2 58
78 44 29
64 4 66
12 74 64
69 66 20
34 26 19
71 84 43
60 5 99
80 49 72
59 99 11
43 77 83
44 58 45
76 96 75
9 49 17
18 89 42
73 8 35
77 46 3
72 47 62
68 90 90
22 35 29
43 12 57
45 73 74
31 80 34
87 35 70
80 44 34
22 63 28
92 15 28
92 85 76
5 9 87
68 73 30
20 89 62
7 40 80
93 65 55
93 50 52
50 19 11
2 18 68
49 86 48
3 70 10
12 70 20
17 21 78
85 69 32
84 36 73
63 75 44
37 36 37
47 82 25
59 65 73
3 59 79
83 91 97
94 49 19
32 89 23
85 54 88
66 28 56
72 24 6
19 0 74
81 18 11
93 10 83
59 40 48
71 24 1
44 13 97
79 9 100
89 41 53
15 18 80
80 58 6
29 3 42
31 81 8
36 32 70
8 86 12
87 37 18
45 74 67
72 29 13
44 98 33
63 7 90
65 96 89
14 36 31
38 7 36
78 67 83
14 11 31
8 31 30
35 14 5
42 64 31
31 56 44
85 10 76
14 84 70
57 89 46
51 69 23
76 67 3
83 3 94
89 43 31
49 87 68
13 24 66
11 35 89
0 48 27
23 50 2
38 59 96
44 82 57
68 50 12
97 8 47
72 34 88
68 82 41
79 45 24
69 9 35
43 83 75
74 87 94
86 82 20
44 47 37
96 12 51
84 2 98
38 9 10
86 2 43
42 45 71
60 97 72
75 74 35
21 5 23
77 3 87
80 68 12
28 92 97
20 96 72
15 90 56
64 54 48
81 66 13
88 11 88
64 49 20
92 73 58
16 27 85
1 97 5
72 78 3
46 30 9
1 32 99
9 35 96
81 80 21
6 80 19
73 56 85
93 41 8
82 52 92
40 25 11
64 86 68
41 50 47
56 5 12
74 2 16
69 35 96
55 75 6
2 94 40
73 75 65
91 42 24
88 5 74
6 15 88
38 12 21
46 6 22
8 11 100
20 43 23
48 7 35
0 3 32
77 21 72
66 64 41
50 49 49
74 22 73
76 39 12
3 14 16
36 72 16
89 47 10
76 58 70
56 63 13
70 76 38
7 76 90
57 16 84
87 21 29
12 51 17
99 62 96
96 17 15
43 88 2
12 91 21
60 31 95
31 57 22
91 97 57
45 31 7
74 21 55
49 73 55
56 78 49
3 34 53
93 87 19
1 17 55
31 13 98
54 53 86
55 85 57
85 38 13
24 34 57
1 27 20
21 54 21
26 14 73
60 4 38
32 90 52
88 64 84
89 0 28
48 4 56
95 96 69
70 55 99
41 85 36
61 44 67
46 44 24
73 96 50
39 14 30
29 94 53
22 40 3
80 83 28
56 88 73
25 84 91
52 67 3
40 58 60
76 93 71
26 37 74
76 46 90
15 41 51
32 83 88
39 89 45
94 99 92
30 11 100
95 32 68
23 62 33
56 98 3
38 72 54
4 43 96
42 92 32
39 38 24
55 65 54
20 54 30
97 82 47
70 93 98
52 85 61
54 65 35
76 51 47
41 5 53
70 81 10
92 89 33
2 38 81
60 37 35
73 34 100
35 37 28
80 27 72
62 45 41
61 25 95
15 3 17
87 30 79
52 94 51
99 6 75
63 89 2
78 40 45
98 78 70
55 54 42
90 63 64
7 24 77
69 52 25
17 95 65
50 73 32
91 90 39
97 83 70
25 51 91
82 88 58
91 46 65
20 38 29
21 15 34
9 68 92
57 3 83
47 21 39
79 37 84
48 65 83
73 72 58
83 33 70
62 7 57
35 75 15
12 72 1
56 43 37
43 17 76
20 12 81
95 68 69
82 24 41
77 58 81
69 41 19
65 34 81
87 78 44
64 73 42
5 49 32
61 40 53
15 4 6
41 68 33
37 34 81
54 98 95
54 33 62
37 50 47
56 62 26
9 37 99
95 85 45
13 55 30
79 51 25
60 63 57
25 4 78
4 45 89
19 2 11
66 47 6
32 74 19
98 9 82
18 13 8
49 0 74
14 88 82
99 37 10
11 57 92
16 7 44
98 25 76
4 23 12
54 96 23
90 82 17
77 75 9
74 86 12
10 51 31
55 18 47
83 22 25
42 74 68
10 66 74
60 59 5
67 56 18
11 53 18
4 17 20
57 17 38
92 98 85
88 83 100
52 87 91
66 32 21
24 48 91
32 68 60
19 20 40
15 20 17
71 9 9
9 44 7
63 57 2
16 51 36
28 91 70
3 76 43
74 20 58
63 44 22
40 31 69
97 7 14
24 79 13
65 99 19
15 58 14
76 47 51
42 60 88
79 84 8
16 72 86
20 2 49
88 76 43
81 86 25
94 70 52
3 19 45
64 37 94
15 36 25
36 1 55
5 3 43
67 8 78
58 84 59
90 75 48
64 32 1
49 4 69
32 24 32
69 74 76
23 66 17
5 81 77
35 72 44
64 46 6
21 43 6
24 97 43
38 48 37
83 75 78
95 24 54
41 52 92
2 54 53
50 11 22
70 89 46
58 46 38
85 64 91
3 79 28
36 62 88
72 69 41
32 54 45
94 56 66
17 80 4
69 11 96
35 12 32
45 30 52
33 36 1
2 47 19
76 52 56
53 86 96
45 19 36
54 68 22
19 44 32
18 90 12
13 70 35
11 5 88
64 41 25
11 89 64
26 62 71
30 84 26
36 99 38
59 63 16
24 94 20
63 67 40
43 35 91
46 53 82
31 46 8
4 80 13
42 57 10
70 49 56
65 44 41
79 14 60
63 82 62
66 72 67
86 16 43
74 43 27
84 22 28
50 96 50
77 45 3
90 13 73
98 15 22
49 7 92
67 38 68
79 56 22
37 81 19
61 36 12
29 53 6
8 50 61
14 86 32
74 4 33
83 69 82
74 36 49
6 93 90
72 82 59
46 95 66
78 76 18
26 92 26
54 73 75
39 77 26
1 13 33
27 23 31
49 72 73
77 8 68
72 56 55
90 50 94
69 2 46
78 57 22
74 84 12
69 94 11
67 69 5
28 36 41
61 27 40
54 10 14
34 28 65
96 67 86
75 62 4
89 71 67
91 65 24
74 40 58
22 73 66
2 57 92
84 69 2
73 51 28
29 16 17
3 10 39
96 91 61
96 23 1
63 97 91
50 99 61
71 50 60
60 2 3
19 23 22
28 65 27
38 40 96
47 33 8
50 42 100
18 25 58
8 4 57
60 18 98
92 65 22
29 81 81
79 52 34
16 0 90
52 78 85
24 12 89
87 83 78
9 22 52
26 84 92
3 44 63
91 5 78
80 26 47
7 19 17
3 65 35
35 84 54
58 75 71
37 5 80
91 93 23
96 80 48
60 98 76
51 77 57
59 67 33
12 32 16
30 5 18
45 49 58
13 7 72
95 0 13
33 13 18
41 14 83
48 9 17
50 6 41
70 77 60
49 89 90
26 9 22
64 35 6
96 42 96
72 57 95
0 28 40
25 2 72
4 16 52
65 76 71
70 32 46
33 58 91
53 87 94
33 94 56
46 79 13
63 61 28
19 49 6
92 55 91
40 95 57
10 20 73
19 83 86
49 69 73
8 5 26
9 70 40
81 43 38
66 60 97
99 75 29
95 15 33
44 92 48
39 52 60
3 98 56
11 59 76
41 49 6
71 75 70
84 44 16
81 46 69
86 72 36
36 29 93
6 35 48
79 18 16
62 79 93
52 31 65
58 7 77
29 31 63
81 2 61
33 59 43
46 68 46
5 47 84
60 58 8
76 63 32
29 90 88
10 57 25
6 19 67
39 17 5
22 90 7
11 47 6
97 69 36
50 51 26
88 66 20
84 54 92
89 81 29
65 97 99
82 8 95
77 85 29
1 12 80
53 57 66
45 86 56
26 98 60
57 20 32
42 4 38
64 89 64
63 43 45
79 39 99
63 93 11
78 73 38
60 24 92
7 10 10
50 81 69
27 53 38
56 66 20
37 76 1
55 80 55
9 60 47
99 61 68
7 67 4
62 41 67
38 46 40
99 60 35
79 99 35
96 83 63
95 54 100
5 40 26
98 30 17
54 83 65
27 79 1
98 90 78
63 13 97
94 21 1
47 58 13
64 62 14
65 20 8
44 22 82
78 62 4
68 64 27
88 91 97
51 30 15
48 31 83
30 1 31
71 8 17
60 79 88
80 76 73
90 46 19
27 68 77
84 81 4
87 3 13
42 10 4
44 95 21
23 48 48
10 50 15
68 18 91
23 30 86
84 90 56
94 93 78
29 44 40
44 54 68
70 68 94
41 67 13
38 29 64
47 32 51
2 68 14
20 48 63
14 60 78
83 55 3
70 79 56
25 74 97
55 34 65
32 13 83
25 55 100
8 15 79
64 99 58
20 69 67
43 11 38
95 22 6
88 97 78
36 19 59
1 67 59
10 22 49
5 6 97
93 67 68
4 26 24
12 85 81
63 96 66
92 87 51
26 38 24
82 40 44
77 94 31
20 76 86
46 32 75
10 36 16
78 32 86
3 89 34
77 25 48
99 51 70
57 92 88
55 12 1
74 30 25
12 4 95
36 86 66
1 29 89
72 84 38
56 24 67
47 49 93
24 80 15
0 74 45
34 18 2
22 54 3
81 15 39
48 83 47
73 46 80
88 59 80
8 84 13
53 2 48
26 94 77
51 72 6
26 29 16
79 74 78
26 36 4
67 99 53
83 76 11
64 16 71
7 81 22
18 8 52
67 88 77
38 84 61
33 78 44
29 65 51
61 77 41
12 7 29
49 91 31
76 75 45
39 0 65
77 53 70
51 22 51
46 86 33
60 38 25
62 97 98
47 52 57
12 0 74
79 90 50
18 7 83
20 81 43
77 86 7
22 23 30
36 22 44
73 66 80
12 15 96
99 3 73
42 35 9
94 78 33
31 70 40
65 2 84
10 83 72
88 19 6
99 66 78
44 48 45
13 42 69
50 97 97
38 86 42
62 42 53
3 21 95
87 17 10
90 37 88
27 52 63
59 73 81
19 92 33
92 72 27
23 43 3
81 24 6
8 56 31
28 20 67
10 87 65
25 73 21
91 78 71
90 48 74
80 48 91
27 32 78
3 12 35
6 27 73
77 30 28
50 65 32
97 42 7
5 51 93
2 73 31
57 52 65
37 93 37
94 81 82
15 10 62
22 20 39
15 49 63
61 70 76
67 21 87
22 87 83
33 37 81
70 66 84
48 63 84
56 16 39
37 25 38
96 97 81
3 4 44
17 0 75
82 66 12
87 45 23
57 59 67
41 34 82
28 5 42
45 28 75
64 8 53
27 83 57
82 41 39
18 62 82
45 0 41
86 57 12
18 44 54
5 87 81
89 30 85
40 18 26
72 42 76
73 9 13
61 49 37
55 7 88
48 55 95
28 70 45
4 66 72
45 10 21
22 6 6
79 54 88
98 21 22
5 0 24
32 14 1
48 77 14
43 25 49
21 91 8
0 41 55
91 53 60
69 47 78
90 95 37
41 7 16
13 26 66
30 80 16
64 96 25
61 69 56
41 77 75
39 55 100
4 33 21
70 95 2
41 71 93
55 76 39
52 51 94
6 72 9
14 24 15
16 74 85
95 27 81
50 35 85
27 97 83
8 74 27
33 95 32
15 72 73
46 88 29
19 67 98
87 99 35
60 6 47
9 40 86
79 21 30
96 58 60
94 46 20
55 38 73
96 34 8
86 37 65
99 55 46
18 94 58
37 89 43
0 40 50
7 95 84
65 64 54
83 95 34
17 58 21
24 8 3
98 0 80
52 96 2
34 88 24
26 20 3
73 5 87
16 62 42
27 9 88
66 22 91
40 55 12
75 97 72
59 47 10
51 91 80
90 87 27
13 36 29
78 14 53
35 61 95
79 80 17
66 14 94
49 29 46
20 33 97
61 1 61
8 43 75
16 42 33
89 28 95
47 86 99
66 12 71
84 0 37
20 50 40
66 15 59
47 16 23
33 46 6
62 30 30
17 48 32
66 13 41
31 61 65
28 1 43
8 81 53
39 48 24
65 80 33
23 58 79
32 49 49
34 52 84
71 35 29
50 21 100
27 14 53
64 19 80
76 48 9
8 44 37
15 0 19
6 8 37
11 61 14
29 77 28
5 89 28
21 56 58
99 54 11
8 39 51
16 58 77
76 72 91
23 84 55
56 7 68
42 38 66
29 64 94
41 43 86
82 81 22
79 77 84
99 97 83
55 41 73
94 62 49
76 73 77
20 61 5
85 13 51
26 52 78
48 58 29
67 27 57
39 44 77
10 6 69
73 60 46
43 7 70
94 14 98
97 61 43
89 84 100
41 2 20
26 47 98
83 81 28
97 81 21
86 58 23
31 68 17
61 72 45
28 61 1
25 57 6
93 92 52
77 62 25
96 28 80
48 70 85
48 64 90
63 81 2
2 51 53
80 64 96
33 69 83
67 62 99
27 85 25
32 45 9
76 25 73
43 44 30
9 85 76
12 22 68
83 4 61
7 91 6
86 83 96
74 17 38
88 52 84
85 30 41
99 89 24
33 88 5
4 2 28
83 72 31
61 39 39
9 61 29
99 90 35
0 52 99
31 69 48
94 13 9
48 18 48
41 91 50
48 2 94
6 65 68
51 1 100
60 54 49
24 89 69
98 70 68
88 23 4
30 36 48
90 14 80
74 53 15
97 80 91
77 80 74
80 19 18
83 67 15
32 41 71
12 2 7
1 90 32
68 96 84
38 81 24
26 11 67
20 53 54
0 6 67
85 32 14
42 80 60
96 16 14
70 34 63
82 64 14
77 7 79
43 18 76
51 43 66
20 67 13
47 46 71
64 90 65
79 78 14
57 37 76
5 84 89
40 1 79
98 33 44
25 95 31
33 70 25
55 15 43
49 82 96
42 39 82
95 59 23
36 71 9
50 13 24
76 22 29
97 58 81
99 68 25
76 33 49
63 17 82
72 74 24
56 27 90
39 90 66
65 39 87
62 9 10
2 98 4
63 2 94
35 93 2
45 69 85
96 88 99
75 48 15
7 92 92
19 26 14
45 15 34
25 41 92
81 1 88
54 28 54
98 46 48
41 65 92
21 52 60
43 28 100
53 73 75
70 6 94
41 86 55
47 75 58
35 56 53
82 95 93
49 79 13
40 3 55
48 41 72
76 14 74
74 13 5
31 35 25
75 22 24
61 58 94
17 25 7
55 5 27
97 35 81
42 37 32
47 78 84
90 74 6
8 90 18
72 8 69
52 13 29
67 91 25
40 69 13
39 68 19
91 23 12
4 70 15
12 64 76
58 12 61
17 93 68
66 74 52
63 20 72
3 39 95
34 40 73
30 3 86
91 70 68
49 97 72
49 30 25
15 25 3
58 9 100
72 80 60
2 39 29
24 11 21
4 95 88
13 59 4
12 21 100
99 85 73
36 85 55
19 14 97
96 70 85
9 81 39
56 89 5
57 71 44
92 11 88
61 88 55
74 95 93
93 52 85
93 14 26
6 71 38
2 99 2
97 77 83
13 14 26
9 36 54
27 75 16
88 74 46
61 47 2
5 7 6
29 67 98
64 84 63
67 47 27
99 78 62
66 3 61
93 8 81
99 22 34
39 91 31
63 11 32
69 95 64
92 97 96
38 89 11
25 33 53
62 72 86
99 35 22
35 79 81
41 8 93
99 82 41
68 52 58
63 77 93
34 15 41
51 95 65
90 34 72
71 49 34
93 86 59
49 6 76
94 12 82
90 40 13
96 13 44
89 74 53
3 31 91
72 10 93
9 18 22
64 7 35
32 67 34
82 28 4
86 18 29
38 94 65
44 50 11
56 3 21
0 63 80
7 27 45
70 60 30
45 18 83
1 83 83
34 51 6
29 4 95
99 33 98
20 51 84
10 55 67
2 32 16
45 33 34
27 44 10
53 85 22
0 90 55
17 65 53
34 29 89
19 12 21
45 14 95
54 25 97
56 28 41
2 1 39
47 43 70
55 68 72
57 29 94
68 40 73
92 37 28
38 43 24
16 40 3
20 88 98
0 1 85
17 53 74
78 85 24
4 88 85
85 35 88
11 29 20
24 19 51
62 29 34
64 50 36
46 63 15
14 64 83
32 38 87
28 67 8
73 27 88
10 4 39
59 55 16
61 84 61
16 52 75
69 14 43
42 84 13
43 37 28
36 87 39
14 73 33
34 83 56
85 96 74
33 50 67
13 23 93
94 43 91
35 96 43
19 76 63
84 31 96
30 67 72
36 21 1
7 60 58
16 12 39
58 71 33
92 12 30
40 73 2
88 84 70
3 68 87
81 26 39
29 83 47
7 30 71
91 68 44
39 22 62
21 64 51
94 1 34
41 60 38
16 35 83
68 10 45
25 63 70
94 76 50
57 61 92
58 98 45
38 23 65
85 46 19
86 95 48
12 97 21
1 9 52
19 32 10
17 18 18
39 51 31
45 38 92
78 41 94
70 24 33
76 87 9
44 60 45
12 69 2
11 46 67
63 88 93
62 54 84
59 64 98
21 6 47
83 20 14
20 30 23
99 47 6
47 80 58
6 91 59
10 39 98
47 55 87
98 65 80
51 94 20
58 81 49
72 43 100
14 57 88
96 77 49
89 29 97
45 78 72
46 24 98
25 19 80
19 18 21
26 41 47
74 31 42
59 52 24
61 85 43
11 38 34
28 18 23
4 78 71
16 73 35
64 76 69
83 5 29
13 81 85
69 23 77
0 2 74
60 94 19
31 16 20
31 66 38
45 37 82
31 6 81
77 60 2
77 4 38
67 72 7
44 26 24
14 31 51
78 36 25
66 53 7
95 55 24
56 82 81
8 85 78
14 99 85
79 81 44
22 58 47
62 52 4
54 69 21
56 47 95
21 90 73
44 64 30
69 87 51
50 38 91
54 59 21
15 1 46
76 12 69
74 83 77
90 81 22
16 75 82
33 29 97
72 39 29
88 55 33
66 46 54
37 41 33
47 19 80
88 40 95
44 67 54
69 93 71
55 96 88
93 60 63
99 23 21
98 12 99
53 6 90
47 36 91
50 82 92
73 10 29
94 96 93
40 72 96
4 56 86
98 23 58
2 7 85
28 8 89
84 52 10
27 36 15
1 76 7
43 59 29
66 85 90
44 7 8
97 93 65
62 63 83
0 59 99
43 86 51
71 90 64
5 57 49
8 25 85
20 6 93
33 55 37
97 64 15
95 39 71
77 40 48
68 4 69
77 42 47
55 35 90
92 58 63
33 71 39
45 58 45
84 12 19
97 16 19
83 50 11
21 96 95
62 43 20
49 27 92
34 87 100
96 38 61
13 37 46
49 36 73
16 34 29
94 23 21
54 40 71
52 25 51
14 2 74
42 82 98
51 21 73
60 64 56
1 72 35
71 64 11
65 53 1
13 30 47
2 43 48
15 64 76
84 94 71
61 26 71
35 39 9
59 16 32
28 12 34
32 62 42
85 51 80
22 37 85
3 38 18
10 31 65
90 10 32
0 70 35
18 16 42
47 15 98
63 68 44
80 34 70
98 84 85
16 95 59
66 54 31
22 29 25
70 20 94
35 19 76
13 20 4
87 81 64
28 38 27
4 44 69
86 52 70
61 4 89
23 55 76
72 41 73
66 18 22
0 87 41
5 42 42
19 89 58
30 9 68
2 76 38
5 92 83
60 71 53
36 0 43
88 72 6
13 22 90
49 44 50
8 29 86
69 26 71
31 67 97
11 95 82
49 42 17
30 0 60
82 79 70
9 7 57
12 41 100
92 94 50
65 19 70
61 37 6
70 29 11
98 71 44
73 74 74
71 12 10
76 17 85
74 5 31
59 7 49
99 48 24
73 24 30
60 34 62
99 53 21
3 61 97
51 71 47
98 28 16
34 45 58
67 66 6
36 43 1
94 72 36
96 78 29
35 30 96
68 65 5
4 53 77
4 98 65
16 88 46
14 85 16
44 35 60
33 44 8
23 25 58
68 24 23
70 78 76
76 21 51
95 9 60
20 5 92
93 3 18
36 90 75
21 37 79
5 26 23
65 33 29
59 94 36
4 40 81
34 84 39
47 12 70
9 72 8
22 50 71
31 17 52
48 81 43
53 33 9
66 90 30
34 38 9
43 99 32
27 74 80
63 65 27
80 69 55
91 25 58
37 18 31
57 73 2
70 53 66
50 95 91
41 35 50
33 90 45
86 20 83
75 88 24
86 21 80
10 34 33
32 55 53
81 93 74
78 81 27
67 98 15
80 40 13
62 39 50
54 29 48
39 41 79
71 88 96
3 43 67
92 79 18
87 97 56
23 86 26
72 91 71
76 54 6
33 2 91
3 91 75
76 92 70
56 2 23
65 62 92
40 70 22
16 66 56
97 66 94
75 91 26
9 87 20
11 1 68
78 28 8
25 94 84
40 42 84
37 65 1
25 72 2
6 25 29
90 76 54
52 98 9
56 41 69
10 27 16
7 53 8
16 41 26
77 56 67
57 94 62
36 83 52
9 57 48
54 26 36
92 18 73
34 32 84
32 76 96
32 96 17
74 49 40
37 95 38
69 68 57
99 31 87
31 30 68
80 18 96
30 50 98
0 54 48
90 94 26
31 85 71
85 15 74
76 36 34
69 78 94
21 41 66
69 16 41
24 3 83
2 79 64
82 48 98
36 8 20
11 45 92
86 65 85
20 44 25
50 0 35
66 79 49
85 47 40
44 25 35
49 31 34
21 11 83
40 53 24
44 38 56
39 46 100
89 55 97
89 76 6
50 66 54
23 74 55
81 4 53
11 78 47
71 31 19
61 94 39
2 6 31
31 97 36
45 65 4
83 92 65
28 21 74
58 21 27
82 65 13
76 56 46
99 20 91
57 69 96
88 99 36
20 82 65
50 28 100
46 0 7
19 95 8
0 78 81
79 30 6
51 56 47
82 23 2
30 88 92
58 41 69
82 35 84
77 5 58
55 82 42
31 2 55
12 13 12
1 14 59
23 18 47
50 78 83
66 91 21
80 90 1
19 79 74
35 78 73
47 30 37
87 88 41
78 31 12
56 34 19
59 72 58
5 86 65
41 80 69
18 69 96
16 8 36
15 42 24
91 95 29
8 17 77
28 53 75
65 15 52
20 64 68
96 89 97
97 70 99
86 67 83
12 6 71
71 93 99
27 28 94
88 48 41
61 46 64
43 34 7
28 22 21
42 68 14
40 49 94
70 19 83
75 68 14
96 40 68
1 88 27
23 29 3
31 63 66
65 23 21
34 20 29
41 97 96
99 83 53
11 75 70
27 78 65
52 33 41
29 15 95
20 77 53
32 48 66
26 93 100
17 78 87
85 62 48
84 77 84
57 79 48
90 55 36
31 5 80
0 88 26
94 58 59
23 41 76
3 52 70
88 26 62
16 71 12
55 24 95
44 85 73
57 55 64
41 10 99
15 60 8
32 7 70
90 7 38
89 86 96
99 29 10
24 33 92
49 38 24
9 64 68
45 9 69
93 13 37
96 90 52
24 99 23
56 20 17
39 66 86
21 30 30
71 29 37
62 66 70
1 16 71
27 0 11
54 11 48
80 53 93
56 55 7
39 99 27
94 83 56
87 20 37
28 16 39
66 25 95
35 7 39
88 10 37
91 76 13
48 43 30
33 38 97
97 71 13
15 87 5
82 89 26
74 71 22
59 31 49
10 28 88
51 29 51
73 4 90
8 7 47
4 28 49
8 68 5
91 62 37
67 84 81
33 5 5
55 58 58
19 71 94
23 81 25
51 45 20
99 76 42
13 35 91
50 15 77
70 50 100
3 80 67
32 31 34
24 38 25
4 18 7
6 87 81
66 34 98
61 78 62
1 7 21
91 60 48
92 71 49
12 8 48
76 6 16
96 11 25
51 64 72
39 75 2
45 90 7
60 57 13
49 21 9
18 56 34
43 87 14
20 31 36
46 59 5
30 93 43
23 32 95
6 96 51
43 60 27
77 14 16
84 68 63
28 74 15
16 36 4
25 1 11
32 25 20
89 46 50
96 3 90
78 51 84
67 92 46
96 29 18
42 81 92
65 66 85
60 88 89
56 59 33
45 85 71
90 67 32
69 70 77
23 45 64
27 48 78
46 99 31
12 50 38
24 5 75
38 87 43
62 21 5
87 75 28
65 7 19
39 21 92
7 82 17
50 27 53
57 75 64
20 0 84
53 89 92
22 15 73
63 33 3
7 68 31
22 2 34
35 77 72
48 11 71
63 45 15
55 79 33
68 89 56
73 77 15
29 73 57
13 40 96
58 10 39
97 19 79
37 17 5
66 83 35
77 52 40
95 38 70
31 51 99
27 82 58
90 78 63
9 55 73
16 65 76
37 46 3
84 78 29
87 54 43
14 22 94
89 1 8
27 93 57
5 72 13
20 52 11
18 53 63
8 27 58
1 74 24
77 72 91
75 5 47
95 72 54
5 70 70
75 36 57
78 97 97
32 3 56
92 53 53
62 80 35
56 33 13
17 73 19
55 51 100
65 89 27
16 53 88
60 11 96
78 26 99
43 54 65
81 57 69
0 37 57
52 35 67
4 57 69
30 73 28
57 23 46
80 45 57
97 85 50
87 73 60
34 71 41
94 44 16
60 61 34
14 44 68
88 89 38
34 8 11
11 33 93
30 97 32
30 32 74
22 60 72
87 80 7
50 79 21
54 30 96
18 46 93
92 36 58
32 0 33
35 83 46
75 42 36
62 37 13
21 48 94
61 45 53
93 61 18
15 84 33
64 47 78
14 96 51
19 51 54
73 81 87
24 85 40
80 52 30
73 89 57
92 8 82
52 4 55
89 95 46
62 38 67
93 54 42
7 93 59
48 98 77
26 74 70
36 45 28
81 71 13
64 3 85
24 15 65
10 53 99
19 5 16
83 49 65
64 18 92
50 34 30
17 7 84
26 65 50
91 80 38
19 34 51
64 5 80
61 21 92
37 58 33
9 86 49
1 60 1
77 49 46
4 82 93
19 31 25
27 25 76
91 31 46
77 11 2
42 67 96
35 88 23
85 81 51
17 92 58
0 7 84
53 45 79
59 39 96
44 40 51
71 39 31
9 53 33
80 85 43
55 63 38
69 10 23
75 40 74
78 8 49
81 61 11
41 57 83
67 17 40
15 79 68
60 19 78
31 50 92
88 94 39
78 3 57
80 14 57
13 17 80
2 52 96
24 2 30
61 2 29
10 49 32
93 15 27
52 9 93
88 44 25
80 2 68
43 84 97
24 22 26
84 60 9
18 59 5
23 72 63
53 52 38
7 69 95
6 26 98
96 61 90
71 15 36
91 61 91
25 30 3
30 61 2
34 68 44
2 66 75
55 19 76
84 33 14
13 91 61
89 42 87
92 0 99
44 12 30
73 26 22
17 9 44
51 92 61
29 97 17
86 30 71
38 27 31
65 24 36
3 72 5
78 89 11
19 77 84
95 92 19
48 78 42
54 51 79
97 38 7
62 74 57
43 22 90
66 6 75
10 14 94
9 32 68
63 73 99
79 33 76
40 27 71
46 36 98
41 90 60
4 35 58
44 89 17
10 94 92
4 84 14
49 81 6
14 12 16
4 24 73
17 38 32
20 95 38
34 61 72
8 98 39
40 39 28
7 72 14
36 64 8
34 92 32
63 40 1
92 20 15
63 58 17
24 43 14
98 96 15
7 61 90
7 25 82
66 94 90
62 53 73
52 63 85
94 22 59
35 0 99
69 77 82
23 73 45
79 83 55
2 10 53
45 43 50
56 53 42
18 72 79
97 52 31
11 2 95
7 4 23
20 24 35
15 86 1
98 59 21
86 31 24
28 15 7
45 88 38
38 0 36
37 56 86
70 14 91
73 71 31
8 37 82
31 72 92
49 20 87
87 55 36
67 33 21
87 2 85
48 1 3
56 85 5
55 73 53
87 62 89
36 42 69
36 24 6
0 97 23
87 11 44
34 44 36
85 39 88
55 86 82
64 13 59
25 96 61
33 3 23
98 76 100
74 61 35
15 68 22
65 32 92
45 83 24
98 72 6
84 24 98
72 2 82
3 35 28
20 11 14
9 47 85
29 25 13
63 6 73
3 55 79
54 80 44
74 65 39
32 4 26
91 82 97
52 49 53
83 62 58
90 24 38
79 85 67
41 20 66
11 58 73
30 16 28
94 67 73
76 31 93
24 30 47
42 29 20
97 36 100
52 14 71
75 33 49
42 53 50
29 2 96
83 13 10
63 24 43
51 93 15
21 71 94
56 25 96
86 75 94
56 17 9
58 72 85
12 27 49
82 80 39
2 91 19
30 2 33
85 28 58
47 40 31
98 41 80
85 73 5
8 53 79
26 64 15
28 83 31
37 20 26
88 58 29
57 27 81
75 15 69
9 15 66
40 36 85
61 73 63
36 52 36
83 73 16
80 36 73
66 11 44
81 51 16
38 10 37
35 68 98
8 0 58
80 29 8
87 19 95
21 38 91
99 98 96
47 91 47
19 63 68
35 62 25
86 87 7
69 59 16
13 3 93
58 83 6
1 54 76
72 65 5
60 50 13
18 73 27
69 36 57
82 34 73
50 36 60
74 38 92
23 52 7
45 21 51
77 26 96
44 15 86
68 61 23
12 67 75
66 49 47
58 32 76
38 91 43
98 45 22
44 10 52
17 85 49
88 32 75
99 96 78
66 75 57
14 46 100
17 99 22
4 27 10
72 53 76
15 62 23
68 12 87
46 67 3
2 96 62
82 9 83
13 54 62
44 71 86
69 24 36
79 44 62
17 11 49
22 4 68
64 74 6
46 82 99
79 31 49
0 26 52
89 80 17
34 58 56
80 7 74
44 55 36
0 31 58
2 40 61
15 70 29
66 86 65
79 97 86
66 59 98
46 74 21
46 55 58
35 33 60
20 36 18
38 73 62
51 48 33
79 43 78
69 60 38
22 34 48
98 69 30
94 32 60
87 72 11
28 14 62
33 72 10
21 23 28
85 75 97
85 3 4
68 57 49
0 60 38
28 76 91
25 82 50
94 17 65
64 43 26
80 86 98
68 22 27
8 35 15
25 90 100
13 71 5
83 70 47
67 4 83
0 24 5
96 62 25
77 1 55
84 19 61
13 46 25
95 87 95
69 25 97
37 24 28
80 66 74
59 96 9
40 32 41
43 92 53
95 62 40
2 97 70
15 89 98
99 69 5
88 27 39
2 75 71
25 45 76
23 95 61
10 26 77
66 77 9
12 45 51
36 7 84
89 93 40
65 60 73
85 50 67
2 42 35
87 61 27
52 38 8
9 46 66
28 68 13
49 99 92
62 61 59
6 37 3
64 25 23
51 36 6
91 29 17
59 53 44
67 36 67
64 0 3
58 1 65
98 97 37
92 21 1
7 70 9
14 5 72
71 68 65
76 60 30
92 3 19
55 21 19
52 90 13
32 21 36
36 3 99
6 43 23
50 84 97
1 98 84
27 29 88
70 46 49
79 11 90
77 34 96
31 12 6
7 84 49
3 50 46
50 61 7
56 15 74
26 68 86
47 94 57
23 92 41
6 7 52
57 82 6
5 29 5
51 70 52
3 62 67
71 96 34
88 49 88
3 63 29
63 39 99
97 90 22
16 23 8
5 2 18
23 3 39
25 50 75
16 91 52
59 58 8
69 39 16
5 43 25
43 67 83
56 44 82
47 92 8
73 82 79
34 33 84
64 95 51
90 11 45
0 72 55
41 33 98
64 70 16
54 17 66
86 7 17
51 0 35
44 87 91
84 9 52
60 87 93
88 39 94
75 10 33
3 48 27
89 98 68
9 43 87
22 59 84
37 77 88
30 99 97
36 89 81
9 39 10
4 97 59
66 93 58
97 6 79
66 37 93
7 75 54
35 15 86
36 2 84
87 46 93
53 1 90
65 0 60
1 86 62
0 29 97
13 73 64
5 53 87
92 35 75
12 37 13
87 64 15
8 19 56
17 2 41
28 6 46
28 57 24
18 11 37
77 54 55
28 32 96
87 7 80
5 76 5
58 28 60
73 32 17
46 45 11
48 74 32
71 7 11
80 16 44
22 92 100
75 53 48
39 43 4
18 57 75
75 21 9
68 23 80
26 67 58
33 43 80
10 80 9
51 74 27
40 20 7
86 33 98
33 6 10
65 43 56
13 68 30
47 13 67
5 85 56
22 31 3
39 24 32
82 19 23
50 72 62
70 52 14
19 53 50
74 77 50
80 5 94
63 1 76
5 78 58
69 44 70
92 61 61
23 10 88
77 82 2
88 22 85
50 58 65
95 8 36
18 21 70
40 98 32
48 12 99
3 11 94
78 82 46
11 81 57
75 61 19
22 70 46
81 34 54
19 73 11
60 80 82
54 88 44
53 21 22
92 31 65
39 26 60
35 94 41
96 31 46
98 85 53
54 56 64
31 77 96
26 59 9
48 49 6
39 54 64
62 10 66
65 94 81
82 96 29
48 85 23
14 16 58
68 25 76
39 25 86
65 51 40
27 37 3
25 22 96
16 68 6
89 54 61
19 52 55
39 82 61
63 87 29
74 85 3
22 97 17
70 1 22
42 32 71
87 18 92
0 53 40
16 6 59
33 14 93
22 49 3
98 83 43
19 27 54
6 95 47
4 14 69
24 57 36
24 25 34
34 27 9
24 54 52
5 93 77
23 97 88
62 4 35
63 53 60
20 8 10
87 28 90
6 68 22
22 79 26
54 34 22
70 17 93
88 62 80
98 74 73
72 37 31
48 8 80
67 40 81
97 94 21
9 90 2
64 94 66
41 79 4
1 69 98
93 2 91
68 5 21
24 45 43
39 27 77
13 87 52
73 80 86
43 95 98
79 10 21
20 3 82
6 45 79
93 11 34
59 25 18
40 43 69
85 82 25
26 99 84
5 34 43
54 94 72
52 43 24
40 56 36
84 51 11
67 97 69
81 40 40
99 7 38
66 21 55
82 36 63
76 11 85
94 30 14
72 22 18
69 73 15
11 68 32
29 21 27
15 83 90
11 73 62
70 72 7
12 34 45
30 66 99
42 94 33
56 86 46
95 41 45
54 15 62
96 44 31
85 1 85
98 7 28
24 47 95
7 14 6
87 26 17
0 69 64
98 53 11
59 74 9
86 42 92
63 94 5
49 96 38
56 99 42
50 40 60
43 69 9
98 75 36
95 52 25
85 89 98
18 99 86
23 85 54
66 29 11
23 90 48
84 76 13
51 66 95
60 27 18
6 74 54
98 51 81
27 90 99
86 98 29
68 94 5
60 78 19
48 94 35
30 27 79
85 70 5
17 10 1
58 29 5
1 4 81
29 74 37
50 54 61
97 72 40
9 33 24
21 25 15
65 70 3
30 33 49
27 21 18
82 12 79
24 9 68
38 19 43
36 18 9
54 81 47
31 42 57
5 97 36
1 66 33
15 76 55
0 86 39
60 17 59
16 25 59
35 86 59
49 28 20
91 98 32
30 28 48
55 66 11
16 93 91
87 50 92
85 29 76
65 90 63
98 42 34
51 47 93
69 5 80
58 43 52
82 75 97
62 5 88
40 23 33
13 28 10
82 70 58
67 61 22
36 12 1
99 84 45
52 61 93
9 93 68
17 88 61
98 38 98
55 94 45
15 91 87
69 56 34
79 88 52
63 91 89
52 75 60
57 99 88
99 0 35
52 72 58
81 69 45
69 29 6
73 35 87
22 0 48
26 51 67
52 73 89
19 4 75
10 8 19
64 55 27
35 18 99
75 69 35
17 45 42
92 63 51
73 67 37
1 37 31
86 6 80
64 69 11
19 54 72
87 48 86
5 39 99
91 99 81
95 58 70
38 15 6
53 61 59
83 41 16
86 69 98
71 3 51
46 26 52
74 15 47
27 5 50
18 1 9
34 97 68
18 91 56
60 74 28
61 82 63
68 20 60
99 52 64
31 95 87
19 69 92
50 53 38
75 46 37
49 62 8
35 66 99
15 39 7
89 59 67
42 7 6
47 8 41
70 39 45
29 55 19
0 18 63
68 79 100
12 90 12
26 15 41
88 31 89
7 31 36
74 56 3
59 8 56
75 60 53
49 43 92
59 14 77
26 40 12
65 49 14
73 93 72
5 58 73
26 57 29
85 76 14
32 18 77
42 85 97
54 9 40
0 77 78
24 83 83
55 53 23
30 18 32
88 81 94
82 51 58
26 12 26
84 6 83
40 87 52
4 13 77
65 12 66
42 3 94
37 82 1
27 92 1
26 3 43
98 80 60
46 78 86
75 18 2
14 51 94
4 41 55
24 27 80
14 9 68
73 70 20
80 78 30
47 18 46
92 86 65
30 14 57
28 94 49
70 47 22
55 42 86
96 33 54
27 18 93
15 13 66
14 8 79
73 0 82
76 59 73
39 92 62
