Kruskal's algorithm:
Edges left:
0 16 5
1 3 6
2 4 2
6 18 2
7 14 1
7 37 2
7 39 1
8 26 1
8 45 1
10 43 2
11 40 1
13 29 3
14 30 1
14 34 1
14 46 2
15 23 2
16 5 1
18 34 2
19 34 2
22 13 3
22 38 2
23 3 3
23 18 1
25 42 1
27 9 1
27 29 2
27 35 4
28 17 2
28 38 3
29 21 1
31 22 3
32 19 2
33 24 9
36 26 2
40 12 7
41 21 2
41 34 2
42 11 1
44 2 5
44 11 1
44 26 2
45 39 1
47 11 1
47 24 6
48 20 2
48 22 2
49 10 1
49 16 3
49 20 3
Cost: 116
Time: 0.40836

Prim's algorithm:
Edges left:
0 16 5
1 3 6
2 4 2
5 31 3
6 18 2
7 14 1
7 37 2
7 39 1
8 26 1
8 45 1
11 40 1
13 29 3
14 30 1
14 34 1
14 46 2
15 23 2
16 5 1
18 34 2
19 5 3
19 34 2
21 17 3
22 13 3
22 38 2
23 3 3
23 18 1
25 42 1
27 9 1
27 29 2
27 35 4
28 17 2
29 21 1
32 19 2
33 24 9
36 26 2
41 21 2
41 34 2
42 11 1
44 2 5
44 11 1
44 26 2
45 12 7
45 39 1
47 11 1
47 24 6
48 20 2
48 22 2
49 10 1
49 16 3
49 43 2
Cost: 116
Time: 0.010267
