Kruskal's algorithm:
Edges left:
1 60 1
2 98 4
2 99 2
5 76 5
6 37 3
7 67 4
8 68 5
9 90 2
12 69 2
12 72 1
13 29 4
13 59 4
14 21 2
15 4 6
15 25 3
15 86 1
15 87 5
16 40 3
17 10 1
17 80 4
17 89 2
18 77 1
19 85 4
22 11 1
22 31 3
22 49 3
22 54 3
23 29 3
23 43 3
23 50 2
24 8 3
25 30 3
25 72 2
26 20 3
26 36 4
27 79 1
27 92 1
28 61 1
30 61 2
32 14 1
33 36 1
34 18 2
34 51 6
35 14 5
35 93 2
36 12 1
36 21 1
36 43 1
37 65 1
37 76 1
37 82 1
38 15 6
39 75 2
40 73 2
41 79 4
42 10 4
43 88 2
44 28 4
46 67 3
48 1 3
52 96 2
55 12 1
56 98 3
57 73 2
58 29 5
61 47 2
63 33 3
63 40 1
63 81 2
63 89 2
64 0 3
64 32 1
65 53 1
65 70 3
66 89 5
67 65 2
70 95 2
71 24 1
71 27 3
74 56 3
74 85 3
75 18 2
77 11 2
77 45 3
77 60 2
77 82 2
78 77 1
80 90 1
82 2 2
82 23 2
83 55 3
84 69 2
85 3 4
90 62 3
91 11 2
92 21 1
94 21 1
96 23 1
97 37 3
Cost: 247
Time: 3.09984

Prim's algorithm:
Edges left:
1 60 1
2 98 4
2 99 2
6 37 3
7 67 4
9 90 2
12 69 2
12 72 1
13 20 4
13 29 4
13 59 4
14 21 2
15 4 6
15 25 3
15 86 1
15 87 5
17 10 1
17 89 2
18 77 1
19 85 4
22 11 1
22 31 3
22 40 3
22 49 3
22 54 3
23 29 3
23 43 3
23 50 2
24 8 3
25 30 3
25 72 2
26 20 3
27 79 1
27 92 1
28 61 1
30 61 2
32 14 1
33 5 5
33 36 1
34 18 2
35 14 5
35 93 2
36 12 1
36 21 1
36 43 1
37 46 3
37 65 1
37 76 1
37 82 1
38 15 6
39 75 2
40 73 2
41 79 4
42 10 4
43 88 2
44 28 4
48 1 3
51 36 6
52 96 2
55 12 1
56 98 3
58 29 5
61 47 2
62 52 4
63 40 1
63 57 2
63 81 2
63 89 2
64 0 3
64 32 1
65 53 1
65 70 3
66 89 5
67 65 2
68 92 5
70 95 2
71 24 1
71 27 3
74 56 3
74 85 3
75 18 2
76 16 3
77 11 2
77 45 3
77 60 2
77 82 2
78 77 1
80 90 1
82 2 2
82 23 2
83 55 3
84 69 2
85 3 4
90 62 3
91 11 2
92 21 1
94 21 1
96 23 1
97 37 3
Cost: 247
Time: 0.048578
